Incident 1
(166, 166, 166)
(84, 84, 84)
(84, 84, 84)
(230, 204, 230)
(230, 204, 230)
(228, 201, 228)
Incident 2
(166, 166, 166)
(0, 61, 208)
(0, 61, 208)
(0, 61, 208)
(84, 124, 223)
(230, 204, 230)
(230, 204, 230)
Incident 3
(0, 61, 208)
(0, 61, 208)
(84, 124, 223)
(230, 204, 230)
(230, 204, 230)
(230, 204, 230)
Incident 4
(0, 0, 0)
(0, 61, 208)
(84, 124, 223)
(84, 124, 223)
(230, 204, 230)
(230, 204, 230)
(230, 204, 230)
Incident 5
(33, 91, 234)
(0, 61, 208)
(84, 124, 223)
(84, 124, 223)
(230, 204, 230)
(230, 204, 230)
(230, 204, 230)
Incident 6
(40, 97, 238)
(111, 148, 244)
(230, 204, 230)
(230, 204, 230)
(230, 204, 230)
(214, 172, 214)
(214, 172, 214)
Incident 7
(166, 166, 166)
(0, 0, 0)
(23, 82, 226)
(0, 61, 208)
(0, 61, 208)
(84, 124, 223)
(230, 204, 230)
(230, 204, 230)
(230, 204, 230)
Incident 8
(43, 96, 219)
(43, 96, 219)
(0, 61, 208)
(84, 124, 223)
(84, 124, 223)
(230, 204, 230)
(230, 204, 230)
Incident 9
(166, 166, 166)
(230, 204, 230)
(230, 204, 230)
(230, 204, 230)
Incident 10
(166, 166, 166)
(0, 0, 0)
(84, 84, 84)
(84, 84, 84)
(230, 204, 230)
(230, 204, 230)
(230, 204, 230)
(228, 201, 228)
Incident 11
(0, 0, 0)
(0, 61, 208)
(84, 124, 223)
(84, 124, 223)
(230, 204, 230)
(230, 204, 230)
(230, 204, 230)
Incident 12
(23, 82, 226)
(0, 61, 208)
(84, 124, 223)
(230, 204, 230)
(230, 204, 230)
(230, 204, 230)
Incident 13
(166, 166, 166)
(0, 61, 208)
(84, 124, 223)
(84, 124, 223)
(230, 204, 230)
(230, 204, 230)
(230, 204, 230)
(201, 169, 201)
Incident 14
(166, 166, 166)
(230, 204, 230)
(230, 204, 230)
(230, 204, 230)
Incident 15
(166, 166, 166)
(0, 61, 208)
(0, 61, 208)
(84, 124, 223)
(84, 124, 223)
(230, 204, 230)
(230, 204, 230)
(230, 204, 230)
Incident 16
(166, 166, 166)
(0, 61, 208)
(0, 61, 208)
(84, 124, 223)
(84, 124, 223)
(230, 204, 230)
(230, 204, 230)
(230, 204, 230)
Incident 17
(166, 166, 166)
(0, 61, 208)
(84, 124, 223)
(84, 124, 223)
(230, 204, 230)
(230, 204, 230)
(230, 204, 230)
Incident 18
(166, 166, 166)
(0, 61, 208)
(0, 61, 208)
(84, 124, 223)
(230, 204, 230)
(230, 204, 230)
(230, 204, 230)
Incident 19
(0, 0, 0)
(0, 0, 0)
(84, 84, 84)
(230, 204, 230)
(230, 204, 230)
(230, 204, 230)
(230, 204, 230)
(230, 204, 230)
(230, 204, 230)
Incident 20
(166, 166, 166)
(88, 93, 105)
(88, 93, 105)
(88, 93, 105)
(230, 204, 230)
(230, 204, 230)
(230, 204, 230)
(224, 193, 224)
(224, 193, 224)
Incident 21
(166, 166, 166)
(20, 43, 95)
(0, 61, 208)
(84, 124, 223)
(230, 204, 230)
(230, 204, 230)
(230, 204, 230)
Incident 22
(166, 166, 166)
(0, 61, 208)
(0, 61, 208)
(84, 124, 223)
(84, 124, 223)
(230, 204, 230)
(230, 204, 230)
(230, 204, 230)
Incident 23
(43, 96, 219)
(0, 61, 208)
(0, 61, 208)
(0, 61, 208)
(0, 61, 208)
(0, 61, 208)
(0, 61, 208)
(0, 43, 190)